	9E,(1,17),(2,20),(3,16),(4,10),(5,7),(6,11),(7,8),(8,5),(9,4),(10,5),(11,0),(12,0)
	AA,(1,19),(2,22),(3,22),(4,17),(5,18),(6,27),(7,19),(8,17),(9,10),(10,8),(11,0),(12,0)
	AQ,(1,3),(2,2),(3,0),(4,0),(5,0),(6,0),(7,0),(8,0),(9,0),(10,0),(11,0),(12,0)
	AS,(1,14),(2,12),(3,11),(4,9),(5,9),(6,11),(7,10),(8,11),(9,6),(10,7),(11,0),(12,0)
	B6,(1,13),(2,21),(3,19),(4,15),(5,12),(6,24),(7,26),(8,27),(9,12),(10,7),(11,0),(12,0)
	CO,(1,14),(2,17),(3,21),(4,13),(5,15),(6,22),(7,15),(8,18),(9,8),(10,10),(11,0),(12,0)
	DL,(1,10),(2,12),(3,15),(4,13),(5,8),(6,14),(7,21),(8,13),(9,7),(10,9),(11,0),(12,0)
	EV,(1,14),(2,19),(3,20),(4,15),(5,8),(6,13),(7,23),(8,16),(9,9),(10,11),(11,0),(12,0)
	F9,(1,10),(2,11),(3,12),(4,8),(5,11),(6,11),(7,9),(8,8),(9,4),(10,5),(11,0),(12,0)
	FL,(1,11),(2,20),(3,18),(4,10),(5,8),(6,16),(7,24),(8,14),(9,5),(10,8),(11,0),(12,0)
	HA,(1,3),(2,3),(3,3),(4,5),(5,7),(6,4),(7,8),(8,4),(9,3),(10,5),(11,0),(12,0)
	MQ,(1,20),(2,22),(3,18),(4,14),(5,13),(6,20),(7,14),(8,11),(9,8),(10,7),(11,0),(12,0)
	NW,(1,14),(2,18),(3,16),(4,13),(5,11),(6,19),(7,11),(8,8),(9,6),(10,5),(11,0),(12,0)
	OH,(1,13),(2,19),(3,19),(4,13),(5,12),(6,22),(7,23),(8,20),(9,12),(10,7),(11,0),(12,0)
	OO,(1,22),(2,17),(3,12),(4,8),(5,8),(6,13),(7,11),(8,8),(9,7),(10,6),(11,0),(12,0)
	UA,(1,24),(2,21),(3,17),(4,16),(5,16),(6,27),(7,20),(8,17),(9,11),(10,7),(11,0),(12,0)
	US,(1,10),(2,12),(3,10),(4,9),(5,8),(6,13),(7,12),(8,10),(9,7),(10,5),(11,0),(12,0)
	WN,(1,12),(2,15),(3,12),(4,8),(5,9),(6,13),(7,10),(8,8),(9,4),(10,4),(11,0),(12,0)
	XE,(1,15),(2,18),(3,20),(4,13),(5,14),(6,21),(7,15),(8,18),(9,9),(10,11),(11,0),(12,0)
	YV,(1,19),(2,23),(3,14),(4,16),(5,13),(6,22),(7,18),(8,14),(9,13),(10,11),(11,0),(12,0)
