14	2804169
19	194212794
24	3940750
29	214641226
34	4171177
39	160158085
44	1521492
49	164261981
54	1513265
59	154599448
64	2485175
69	148640533
74	1439224
79	144867422
84	1550479
89	136525116
94	2524698
99	130224532
104	1762266
109	119314740
114	1250760
119	117172930
124	2455556
129	116880887
139	104379582
149	99395561
159	83179100
164	861495
169	80680634
174	1506101
179	76814380
184	690834
189	74095756
194	1037446
199	46625700
204	1027960
209	59216317
219	43799726
229	43491064
234	2881512
239	131294710
