14	4411106
19	196655857
24	5756793
29	216400982
34	4483978
39	175215530
44	2771972
49	164261981
54	2006525
59	155261042
64	3614263
69	154460987
74	2127198
79	145034610
84	1944587
89	136532841
94	2899193
99	130262182
104	3089516
109	120443114
114	2211732
119	117176492
124	3365493
129	116880887
139	104379582
149	99395561
159	84852396
164	1296047
169	81894137
174	2057226
179	76852671
184	690834
189	75812799
194	1396311
199	46844789
204	1550893
209	59294416
219	43799726
229	43864578
234	3484337
239	131665479
