14	8951511
19	215595892
24	11477056
29	223407068
34	9580480
39	181832736
44	3864752
49	164643358
54	5743172
59	157565611
64	5848483
69	155705621
74	3870596
79	145354342
84	6223598
89	136964532
94	2907036
99	130262182
104	6537798
109	125733971
114	3394108
119	117176492
124	4182120
129	116880887
139	104379582
149	99395561
159	88109759
164	2185365
169	85863618
174	3913399
179	77187347
184	690834
189	77388448
194	2205704
199	47487139
204	2874480
209	59294416
219	43799726
229	45481272
234	4914381
239	139988035
