13	4348317
18	156790578
23	4303264
28	157102157
33	4466998
38	126799277
43	2219129
48	110012620
53	2139513
58	122557435
63	3321803
68	99490548
73	2139324
78	101535263
83	1842421
88	96458077
93	973738
98	91286939
103	3313375
108	94657827
113	2163542
118	68308468
123	2578064
128	57936446
138	36350270
148	65506855
158	66351057
163	1338883
168	62215274
173	2065560
178	49374904
183	224524
188	53409777
193	1373915
198	36515122
203	1501080
208	38958901
218	33238241
228	34984187
233	2834973
238	88365304
