14	10495179
19	219464559
24	13019257
29	223851276
34	11077987
39	182115809
44	5108242
49	164807498
54	7685153
59	161962536
64	6883266
69	155877543
74	5562271
79	145798888
84	9029502
89	137055005
94	2907036
99	130262182
104	7100967
109	125768931
114	4847884
119	117176492
124	4603885
129	116880887
139	104379582
149	99395561
159	89465887
164	2658654
169	85865404
174	4514515
179	77418293
184	690834
189	77388448
194	2556165
199	50173836
204	3206703
209	59294416
219	43799726
229	45664958
234	6630565
239	140090941
