14	8167353
19	212735727
24	10761275
29	223080178
34	7413200
39	181625197
44	3692242
49	164430722
54	4555996
59	156450207
64	4670513
69	155605757
74	2985998
79	145101818
84	3258648
89	136765406
94	2907036
99	130262182
104	5823048
109	125666962
114	3154430
119	117176492
124	4005284
129	116880887
139	104379582
149	99395561
159	86945279
164	1937744
169	85856209
174	3261214
179	77145185
184	690834
189	77388448
194	1999001
199	47186294
204	2736885
209	59294416
219	43799726
229	45027081
234	4386077
239	139053173
