14	3370682
19	194659731
24	4589561
29	215095965
34	4407547
39	168002317
44	2247931
49	164261981
54	1686103
59	155074466
64	2893894
69	152159060
74	1896736
79	145034610
84	1737739
89	136529038
94	2678308
99	130258442
104	2455341
109	119741002
114	1668909
119	117176492
124	2903871
129	116880887
139	104379582
149	99395561
159	83935928
164	1050410
169	80694130
174	1834039
179	76839456
184	690834
189	75030234
194	1213437
199	46698331
204	1269640
209	59288617
219	43799726
229	43668432
234	3382340
239	131592350
