14	9433554
19	217827518
24	12067747
29	223467409
34	10336029
39	181981502
44	4384013
49	164738058
54	6433604
59	159791930
64	6560847
69	155795118
74	5059187
79	145677286
84	7574425
89	137018361
94	2907036
99	130262182
104	6772376
109	125746822
114	4094735
119	117176492
124	4340315
129	116880887
139	104379582
149	99395561
159	89187286
164	2435515
169	85865404
174	4360082
179	77263027
184	690834
189	77388448
194	2403643
199	48489023
204	3099779
209	59294416
219	43799726
229	45658529
234	5750301
239	140090941
