14	5324189
19	200462608
24	9027805
29	218802008
34	4850934
39	178319573
44	3199587
49	164381074
54	2289610
59	155335685
64	3854700
69	155128376
74	2353906
79	145034610
84	2073878
89	136737451
94	2907036
99	130262182
104	4228020
109	122021266
114	2672322
119	117176492
124	3652872
129	116880887
139	104379582
149	99395561
159	85656803
164	1609146
169	83883491
174	2151659
179	77044824
184	690834
189	77141269
194	1586686
199	46995281
204	1968000
209	59294416
219	43799726
229	44179139
234	3770734
239	134313579
