14	6637102
19	207019731
24	10070674
29	221853251
34	6063176
39	180565892
44	3422257
49	164418587
54	3019693
59	155832733
64	4085677
69	155498939
74	2530659
79	145034610
84	2366296
89	136744613
94	2907036
99	130262182
104	4964811
109	124712631
114	2897417
119	117176492
124	3829484
129	116880887
139	104379582
149	99395561
159	86345180
164	1796737
169	85279132
174	2633032
179	77092477
184	690834
189	77388448
194	1793651
199	47077812
204	2401553
209	59294416
219	43799726
229	44614786
234	4151793
239	137546316
